143
255
171
236
242
174
243
208
246
101
139
247
226
251
280
125
264
118
141
297
220
131
103
185
129
188
294
186
105
225
184
235
188
178
232
138
139
172
240
255
188
258
178
272
137
206
165
252
284
120
213
196
102
222
156
127
257
157
177
197
226
143
270
190
211
245
198
236
287
238
110
286
248
105
284
223
102
248
101
174
120
118
275
167
248
298
143
138
138
276
163
290
213
175
204
257
245
215
270
154
104
174
272
151
144
242
217
204
224
128
267
132
171
271
206
194
273
214
153
210
275
120
277
178
177
178
114
243
290
281
174
132
196
257
147
225
268
156
169
208
225
272
140
100
172
228
151
173
138
203
216
208
245
194
206
259
120
279
137
188
186
251
169
226
252
105
145
220
278
295
221
105
215
109
154
184
164
164
277
152
131
137
278
122
256
153
230
246
192
215
160
164
204
196
236
109
184
110
113
112
205
164
188
184
155
113
244
222
123
176
184
260
156
191
195
114
124
182
294
236
130
161
175
243
257
140
257
131
192
272
212
245
280
259
110
214
293
100
298
120
193
151
264
175
269
221
197
206
233
289
101
171
262
270
126
129
225
237
207
229
155
229
248
123
104
195
156
281
197
221
244
180
157
138
142
290
213
221
198
224
134
137
219
181
195
230
230
158
292
124
118
123
283
296
240
122
117
285
221
187
154
173
123
204
200
136
233
182
253
188
221
191
220
278
241
273
299
208
118
131
210
236
191
246
294
127
113
115
126
161
265
115
142
156
223
295
211
243
145
241
173
133
299
195
252
162
190
238
220
109
262
182
171
258
249
212
133
251
277
236
245
246
209
297
151
113
238
117
179
104
255
109
109
238
247
188
155
122
282
150
231
212
119
144
166
273
212
223
232
235
283
158
120
156
163
180
198
228
178
238
267
265
162
176
285
223
153
225
132
153
230
200
156
206
184
250
124
215
297
158
238
223
259
218
168
196
274
198
147
158
130
154
274
158
194
212
108
153
122
124
118
237
272
124
171
282
233
194
213
180
143
112
121
233
182
246
245
294
211
294
221
167
127
297
231
102
176
240
276
100
296
237
152
182
147
210
107
177
155
178
201
153
158
199
271
287
203
148
207
105
272
132
158
294
208
195
243
114
291
196
171
239
206
146
243
221
180
194
214
299
213
192
160
174
239
146
297
217
186
187
182
206
120
120
252
284
165
144
286
130
155
295
194
122
185
132
103
210
165
196
226
231
119
134
265
210
280
129
127
296
108
226
233
196
108
187
216
224
294
104
200
245
240
243
169
143
283
211
180
260
253
280
168
229
194
163
261
150
172
140
208
235
256
267
193
268
218
139
250
107
108
235
201
275
251
255
103
299
123
263
226
243
292
167
215
159
237
271
164
209
128
187
246
124
126
269
166
238
132
201
137
269
294
194
104
133
283
163
125
201
145
233
296
121
291
151
297
122
128
282
190
292
262
294
159
152
230
296
224
113
154
213
119
149
188
107
263
283
233
247
284
127
198
167
279
275
121
249
196
233
188
219
163
159
181
165
156
257
257
140
143
253
250
232
186
131
167
128
132
148
116
140
146
165
241
107
239
252
279
158
146
178
151
140
138
297
285
224
197
279
238
129
170
284
118
160
219
137
254
215
272
145
284
184
231
212
114
195
272
282
291
188
137
213
131
133
277
114
271
239
266
170
118
255
186
179
182
119
146
164
217
186
210
177
145
244
149
236
234
241
146
221
279
269
241
243
184
284
242
179
130
131
226
216
120
142
143
245
160
275
255
183
137
263
180
141
140
128
227
148
128
251
228
286
226
175
124
140
245
178
202
148
279
266
135
116
276
246
265
103
198
182
250
271
237
232
116
189
100
197
144
165
236
299
264
181
277
268
297
119
194
167
292
204
100
198
263
108
234
223
208
108
272
207
154
215
285
108
123
264
153
257
101
278
143
256
124
265
135
155
295
269
223
203
154
284
267
221
171
137
115
162
268
298
252
198
144
173
298
211
209
135
188
102
250
120
144
258
193
227
104
260
271
221
269
103
162
220
220
289
107
186
222
181
276
137
268
218
220
145
298
221
254
225
124
234
198
194
279
177
150
210
177
287
201
176
211
113
198
163
285
296
102
151
235
202
265
114
279
285
230
172
224
186
170
150
137
279
107
117
236
213
117
247
177
260
244
181
209
115
108
257
192
156
278
298
179
239
275
277
142
126
277
102
289
122
140
184
204
172
119
209
176
134
148
130
256
115
114
285
200
155
212
271
228
164
137
233
221
246
